/home/nun/Programming/C/Chip8/cmake-build-debug/Chip8
Memory dump

00:	f0 90 90 90 f0 20 60 20
08:	20 70 f0 10 f0 80 f0 f0
10:	10 f0 10 f0 90 90 f0 10
18:	10 f0 80 f0 10 f0 f0 80
20:	f0 90 f0 f0 10 20 40 40
28:	f0 90 f0 90 f0 f0 90 f0
30:	10 f0 f0 90 f0 90 90 e0
38:	90 e0 90 e0 f0 80 80 80
40:	f0 e0 90 90 90 e0 f0 80
48:	f0 80 f0 f0 80 f0 80 80
50:	00 00 00 00 00 00 00 00
58:	00 00 00 00 00 00 00 00
60:	00 00 00 00 00 00 00 00
68:	00 00 00 00 00 00 00 00
70:	00 00 00 00 00 00 00 00
78:	00 00 00 00 00 00 00 00
80:	00 00 00 00 00 00 00 00
88:	00 00 00 00 00 00 00 00
90:	00 00 00 00 00 00 00 00
98:	00 00 00 00 00 00 00 00
a0:	00 00 00 00 00 00 00 00
a8:	00 00 00 00 00 00 00 00
b0:	00 00 00 00 00 00 00 00
b8:	00 00 00 00 00 00 00 00
c0:	00 00 00 00 00 00 00 00
c8:	00 00 00 00 00 00 00 00
d0:	00 00 00 00 00 00 00 00
d8:	00 00 00 00 00 00 00 00
e0:	00 00 00 00 00 00 00 00
e8:	00 00 00 00 00 00 00 00
f0:	00 00 00 00 00 00 00 00
f8:	00 00 00 00 00 00 00 00
100:	00 00 00 00 00 00 00 00
108:	00 00 00 00 00 00 00 00
110:	00 00 00 00 00 00 00 00
118:	00 00 00 00 00 00 00 00
120:	00 00 00 00 00 00 00 00
128:	00 00 00 00 00 00 00 00
130:	00 00 00 00 00 00 00 00
138:	00 00 00 00 00 00 00 00
140:	00 00 00 00 00 00 00 00
148:	00 00 00 00 00 00 00 00
150:	00 00 00 00 00 00 00 00
158:	00 00 00 00 00 00 00 00
160:	00 00 00 00 00 00 00 00
168:	00 00 00 00 00 00 00 00
170:	00 00 00 00 00 00 00 00
178:	00 00 00 00 00 00 00 00
180:	00 00 00 00 00 00 00 00
188:	00 00 00 00 00 00 00 00
190:	00 00 00 00 00 00 00 00
198:	00 00 00 00 00 00 00 00
1a0:	00 00 00 00 00 00 00 00
1a8:	00 00 00 00 00 00 00 00
1b0:	00 00 00 00 00 00 00 00
1b8:	00 00 00 00 00 00 00 00
1c0:	00 00 00 00 00 00 00 00
1c8:	00 00 00 00 00 00 00 00
1d0:	00 00 00 00 00 00 00 00
1d8:	00 00 00 00 00 00 00 00
1e0:	00 00 00 00 00 00 00 00
1e8:	00 00 00 00 00 00 00 00
1f0:	00 00 00 00 00 00 00 00
1f8:	00 00 00 00 00 00 00 00
200:	00 e0 a2 2a 60 0c 61 08
208:	d0 1f 70 09 a2 39 d0 1f
210:	a2 48 70 08 d0 1f 70 04
218:	a2 57 d0 1f 70 08 a2 66
220:	d0 1f 70 08 a2 75 d0 1f
228:	12 28 ff 00 ff 00 3c 00
230:	3c 00 3c 00 3c 00 ff 00
238:	ff ff 00 ff 00 38 00 3f
240:	00 3f 00 38 00 ff 00 ff
248:	80 00 e0 00 e0 00 80 00
250:	80 00 e0 00 e0 00 80 f8
258:	00 fc 00 3e 00 3f 00 3b
260:	00 39 00 f8 00 f8 03 00
268:	07 00 0f 00 bf 00 fb 00
270:	f3 00 e3 00 43 e0 00 e0
278:	00 80 00 80 00 80 00 80
280:	00 e0 00 e0 00 00 00 00
288:	00 00 00 00 00 00 00 00
290:	00 00 00 00 00 00 00 00
298:	00 00 00 00 00 00 00 00
2a0:	00 00 00 00 00 00 00 00
2a8:	00 00 00 00 00 00 00 00
2b0:	00 00 00 00 00 00 00 00
2b8:	00 00 00 00 00 00 00 00
2c0:	00 00 00 00 00 00 00 00
2c8:	00 00 00 00 00 00 00 00
2d0:	00 00 00 00 00 00 00 00
2d8:	00 00 00 00 00 00 00 00
2e0:	00 00 00 00 00 00 00 00
2e8:	00 00 00 00 00 00 00 00
2f0:	00 00 00 00 00 00 00 00
2f8:	00 00 00 00 00 00 00 00
300:	00 00 00 00 00 00 00 00
308:	00 00 00 00 00 00 00 00
310:	00 00 00 00 00 00 00 00
318:	00 00 00 00 00 00 00 00
320:	00 00 00 00 00 00 00 00
328:	00 00 00 00 00 00 00 00
330:	00 00 00 00 00 00 00 00
338:	00 00 00 00 00 00 00 00
340:	00 00 00 00 00 00 00 00
348:	00 00 00 00 00 00 00 00
350:	00 00 00 00 00 00 00 00
358:	00 00 00 00 00 00 00 00
360:	00 00 00 00 00 00 00 00
368:	00 00 00 00 00 00 00 00
370:	00 00 00 00 00 00 00 00
378:	00 00 00 00 00 00 00 00
380:	00 00 00 00 00 00 00 00
388:	00 00 00 00 00 00 00 00
390:	00 00 00 00 00 00 00 00
398:	00 00 00 00 00 00 00 00
3a0:	00 00 00 00 00 00 00 00
3a8:	00 00 00 00 00 00 00 00
3b0:	00 00 00 00 00 00 00 00
3b8:	00 00 00 00 00 00 00 00
3c0:	00 00 00 00 00 00 00 00
3c8:	00 00 00 00 00 00 00 00
3d0:	00 00 00 00 00 00 00 00
3d8:	00 00 00 00 00 00 00 00
3e0:	00 00 00 00 00 00 00 00
3e8:	00 00 00 00 00 00 00 00
3f0:	00 00 00 00 00 00 00 00
3f8:	00 00 00 00 00 00 00 00
400:	00 00 00 00 00 00 00 00
408:	00 00 00 00 00 00 00 00
410:	00 00 00 00 00 00 00 00
418:	00 00 00 00 00 00 00 00
420:	00 00 00 00 00 00 00 00
428:	00 00 00 00 00 00 00 00
430:	00 00 00 00 00 00 00 00
438:	00 00 00 00 00 00 00 00
440:	00 00 00 00 00 00 00 00
448:	00 00 00 00 00 00 00 00
450:	00 00 00 00 00 00 00 00
458:	00 00 00 00 00 00 00 00
460:	00 00 00 00 00 00 00 00
468:	00 00 00 00 00 00 00 00
470:	00 00 00 00 00 00 00 00
478:	00 00 00 00 00 00 00 00
480:	00 00 00 00 00 00 00 00
488:	00 00 00 00 00 00 00 00
490:	00 00 00 00 00 00 00 00
498:	00 00 00 00 00 00 00 00
4a0:	00 00 00 00 00 00 00 00
4a8:	00 00 00 00 00 00 00 00
4b0:	00 00 00 00 00 00 00 00
4b8:	00 00 00 00 00 00 00 00
4c0:	00 00 00 00 00 00 00 00
4c8:	00 00 00 00 00 00 00 00
4d0:	00 00 00 00 00 00 00 00
4d8:	00 00 00 00 00 00 00 00
4e0:	00 00 00 00 00 00 00 00
4e8:	00 00 00 00 00 00 00 00
4f0:	00 00 00 00 00 00 00 00
4f8:	00 00 00 00 00 00 00 00
500:	00 00 00 00 00 00 00 00
508:	00 00 00 00 00 00 00 00
510:	00 00 00 00 00 00 00 00
518:	00 00 00 00 00 00 00 00
520:	00 00 00 00 00 00 00 00
528:	00 00 00 00 00 00 00 00
530:	00 00 00 00 00 00 00 00
538:	00 00 00 00 00 00 00 00
540:	00 00 00 00 00 00 00 00
548:	00 00 00 00 00 00 00 00
550:	00 00 00 00 00 00 00 00
558:	00 00 00 00 00 00 00 00
560:	00 00 00 00 00 00 00 00
568:	00 00 00 00 00 00 00 00
570:	00 00 00 00 00 00 00 00
578:	00 00 00 00 00 00 00 00
580:	00 00 00 00 00 00 00 00
588:	00 00 00 00 00 00 00 00
590:	00 00 00 00 00 00 00 00
598:	00 00 00 00 00 00 00 00
5a0:	00 00 00 00 00 00 00 00
5a8:	00 00 00 00 00 00 00 00
5b0:	00 00 00 00 00 00 00 00
5b8:	00 00 00 00 00 00 00 00
5c0:	00 00 00 00 00 00 00 00
5c8:	00 00 00 00 00 00 00 00
5d0:	00 00 00 00 00 00 00 00
5d8:	00 00 00 00 00 00 00 00
5e0:	00 00 00 00 00 00 00 00
5e8:	00 00 00 00 00 00 00 00
5f0:	00 00 00 00 00 00 00 00
5f8:	00 00 00 00 00 00 00 00
600:	00 00 00 00 00 00 00 00
608:	00 00 00 00 00 00 00 00
610:	00 00 00 00 00 00 00 00
618:	00 00 00 00 00 00 00 00
620:	00 00 00 00 00 00 00 00
628:	00 00 00 00 00 00 00 00
630:	00 00 00 00 00 00 00 00
638:	00 00 00 00 00 00 00 00
640:	00 00 00 00 00 00 00 00
648:	00 00 00 00 00 00 00 00
650:	00 00 00 00 00 00 00 00
658:	00 00 00 00 00 00 00 00
660:	00 00 00 00 00 00 00 00
668:	00 00 00 00 00 00 00 00
670:	00 00 00 00 00 00 00 00
678:	00 00 00 00 00 00 00 00
680:	00 00 00 00 00 00 00 00
688:	00 00 00 00 00 00 00 00
690:	00 00 00 00 00 00 00 00
698:	00 00 00 00 00 00 00 00
6a0:	00 00 00 00 00 00 00 00
6a8:	00 00 00 00 00 00 00 00
6b0:	00 00 00 00 00 00 00 00
6b8:	00 00 00 00 00 00 00 00
6c0:	00 00 00 00 00 00 00 00
6c8:	00 00 00 00 00 00 00 00
6d0:	00 00 00 00 00 00 00 00
6d8:	00 00 00 00 00 00 00 00
6e0:	00 00 00 00 00 00 00 00
6e8:	00 00 00 00 00 00 00 00
6f0:	00 00 00 00 00 00 00 00
6f8:	00 00 00 00 00 00 00 00
700:	00 00 00 00 00 00 00 00
708:	00 00 00 00 00 00 00 00
710:	00 00 00 00 00 00 00 00
718:	00 00 00 00 00 00 00 00
720:	00 00 00 00 00 00 00 00
728:	00 00 00 00 00 00 00 00
730:	00 00 00 00 00 00 00 00
738:	00 00 00 00 00 00 00 00
740:	00 00 00 00 00 00 00 00
748:	00 00 00 00 00 00 00 00
750:	00 00 00 00 00 00 00 00
758:	00 00 00 00 00 00 00 00
760:	00 00 00 00 00 00 00 00
768:	00 00 00 00 00 00 00 00
770:	00 00 00 00 00 00 00 00
778:	00 00 00 00 00 00 00 00
780:	00 00 00 00 00 00 00 00
788:	00 00 00 00 00 00 00 00
790:	00 00 00 00 00 00 00 00
798:	00 00 00 00 00 00 00 00
7a0:	00 00 00 00 00 00 00 00
7a8:	00 00 00 00 00 00 00 00
7b0:	00 00 00 00 00 00 00 00
7b8:	00 00 00 00 00 00 00 00
7c0:	00 00 00 00 00 00 00 00
7c8:	00 00 00 00 00 00 00 00
7d0:	00 00 00 00 00 00 00 00
7d8:	00 00 00 00 00 00 00 00
7e0:	00 00 00 00 00 00 00 00
7e8:	00 00 00 00 00 00 00 00
7f0:	00 00 00 00 00 00 00 00
7f8:	00 00 00 00 00 00 00 00
800:	00 00 00 00 00 00 00 00
808:	00 00 00 00 00 00 00 00
810:	00 00 00 00 00 00 00 00
818:	00 00 00 00 00 00 00 00
820:	00 00 00 00 00 00 00 00
828:	00 00 00 00 00 00 00 00
830:	00 00 00 00 00 00 00 00
838:	00 00 00 00 00 00 00 00
840:	00 00 00 00 00 00 00 00
848:	00 00 00 00 00 00 00 00
850:	00 00 00 00 00 00 00 00
858:	00 00 00 00 00 00 00 00
860:	00 00 00 00 00 00 00 00
868:	00 00 00 00 00 00 00 00
870:	00 00 00 00 00 00 00 00
878:	00 00 00 00 00 00 00 00
880:	00 00 00 00 00 00 00 00
888:	00 00 00 00 00 00 00 00
890:	00 00 00 00 00 00 00 00
898:	00 00 00 00 00 00 00 00
8a0:	00 00 00 00 00 00 00 00
8a8:	00 00 00 00 00 00 00 00
8b0:	00 00 00 00 00 00 00 00
8b8:	00 00 00 00 00 00 00 00
8c0:	00 00 00 00 00 00 00 00
8c8:	00 00 00 00 00 00 00 00
8d0:	00 00 00 00 00 00 00 00
8d8:	00 00 00 00 00 00 00 00
8e0:	00 00 00 00 00 00 00 00
8e8:	00 00 00 00 00 00 00 00
8f0:	00 00 00 00 00 00 00 00
8f8:	00 00 00 00 00 00 00 00
900:	00 00 00 00 00 00 00 00
908:	00 00 00 00 00 00 00 00
910:	00 00 00 00 00 00 00 00
918:	00 00 00 00 00 00 00 00
920:	00 00 00 00 00 00 00 00
928:	00 00 00 00 00 00 00 00
930:	00 00 00 00 00 00 00 00
938:	00 00 00 00 00 00 00 00
940:	00 00 00 00 00 00 00 00
948:	00 00 00 00 00 00 00 00
950:	00 00 00 00 00 00 00 00
958:	00 00 00 00 00 00 00 00
960:	00 00 00 00 00 00 00 00
968:	00 00 00 00 00 00 00 00
970:	00 00 00 00 00 00 00 00
978:	00 00 00 00 00 00 00 00
980:	00 00 00 00 00 00 00 00
988:	00 00 00 00 00 00 00 00
990:	00 00 00 00 00 00 00 00
998:	00 00 00 00 00 00 00 00
9a0:	00 00 00 00 00 00 00 00
9a8:	00 00 00 00 00 00 00 00
9b0:	00 00 00 00 00 00 00 00
9b8:	00 00 00 00 00 00 00 00
9c0:	00 00 00 00 00 00 00 00
9c8:	00 00 00 00 00 00 00 00
9d0:	00 00 00 00 00 00 00 00
9d8:	00 00 00 00 00 00 00 00
9e0:	00 00 00 00 00 00 00 00
9e8:	00 00 00 00 00 00 00 00
9f0:	00 00 00 00 00 00 00 00
9f8:	00 00 00 00 00 00 00 00
a00:	00 00 00 00 00 00 00 00
a08:	00 00 00 00 00 00 00 00
a10:	00 00 00 00 00 00 00 00
a18:	00 00 00 00 00 00 00 00
a20:	00 00 00 00 00 00 00 00
a28:	00 00 00 00 00 00 00 00
a30:	00 00 00 00 00 00 00 00
a38:	00 00 00 00 00 00 00 00
a40:	00 00 00 00 00 00 00 00
a48:	00 00 00 00 00 00 00 00
a50:	00 00 00 00 00 00 00 00
a58:	00 00 00 00 00 00 00 00
a60:	00 00 00 00 00 00 00 00
a68:	00 00 00 00 00 00 00 00
a70:	00 00 00 00 00 00 00 00
a78:	00 00 00 00 00 00 00 00
a80:	00 00 00 00 00 00 00 00
a88:	00 00 00 00 00 00 00 00
a90:	00 00 00 00 00 00 00 00
a98:	00 00 00 00 00 00 00 00
aa0:	00 00 00 00 00 00 00 00
aa8:	00 00 00 00 00 00 00 00
ab0:	00 00 00 00 00 00 00 00
ab8:	00 00 00 00 00 00 00 00
ac0:	00 00 00 00 00 00 00 00
ac8:	00 00 00 00 00 00 00 00
ad0:	00 00 00 00 00 00 00 00
ad8:	00 00 00 00 00 00 00 00
ae0:	00 00 00 00 00 00 00 00
ae8:	00 00 00 00 00 00 00 00
af0:	00 00 00 00 00 00 00 00
af8:	00 00 00 00 00 00 00 00
b00:	00 00 00 00 00 00 00 00
b08:	00 00 00 00 00 00 00 00
b10:	00 00 00 00 00 00 00 00
b18:	00 00 00 00 00 00 00 00
b20:	00 00 00 00 00 00 00 00
b28:	00 00 00 00 00 00 00 00
b30:	00 00 00 00 00 00 00 00
b38:	00 00 00 00 00 00 00 00
b40:	00 00 00 00 00 00 00 00
b48:	00 00 00 00 00 00 00 00
b50:	00 00 00 00 00 00 00 00
b58:	00 00 00 00 00 00 00 00
b60:	00 00 00 00 00 00 00 00
b68:	00 00 00 00 00 00 00 00
b70:	00 00 00 00 00 00 00 00
b78:	00 00 00 00 00 00 00 00
b80:	00 00 00 00 00 00 00 00
b88:	00 00 00 00 00 00 00 00
b90:	00 00 00 00 00 00 00 00
b98:	00 00 00 00 00 00 00 00
ba0:	00 00 00 00 00 00 00 00
ba8:	00 00 00 00 00 00 00 00
bb0:	00 00 00 00 00 00 00 00
bb8:	00 00 00 00 00 00 00 00
bc0:	00 00 00 00 00 00 00 00
bc8:	00 00 00 00 00 00 00 00
bd0:	00 00 00 00 00 00 00 00
bd8:	00 00 00 00 00 00 00 00
be0:	00 00 00 00 00 00 00 00
be8:	00 00 00 00 00 00 00 00
bf0:	00 00 00 00 00 00 00 00
bf8:	00 00 00 00 00 00 00 00
c00:	00 00 00 00 00 00 00 00
c08:	00 00 00 00 00 00 00 00
c10:	00 00 00 00 00 00 00 00
c18:	00 00 00 00 00 00 00 00
c20:	00 00 00 00 00 00 00 00
c28:	00 00 00 00 00 00 00 00
c30:	00 00 00 00 00 00 00 00
c38:	00 00 00 00 00 00 00 00
c40:	00 00 00 00 00 00 00 00
c48:	00 00 00 00 00 00 00 00
c50:	00 00 00 00 00 00 00 00
c58:	00 00 00 00 00 00 00 00
c60:	00 00 00 00 00 00 00 00
c68:	00 00 00 00 00 00 00 00
c70:	00 00 00 00 00 00 00 00
c78:	00 00 00 00 00 00 00 00
c80:	00 00 00 00 00 00 00 00
c88:	00 00 00 00 00 00 00 00
c90:	00 00 00 00 00 00 00 00
c98:	00 00 00 00 00 00 00 00
ca0:	00 00 00 00 00 00 00 00
ca8:	00 00 00 00 00 00 00 00
cb0:	00 00 00 00 00 00 00 00
cb8:	00 00 00 00 00 00 00 00
cc0:	00 00 00 00 00 00 00 00
cc8:	00 00 00 00 00 00 00 00
cd0:	00 00 00 00 00 00 00 00
cd8:	00 00 00 00 00 00 00 00
ce0:	00 00 00 00 00 00 00 00
ce8:	00 00 00 00 00 00 00 00
cf0:	00 00 00 00 00 00 00 00
cf8:	00 00 00 00 00 00 00 00
d00:	00 00 00 00 00 00 00 00
d08:	00 00 00 00 00 00 00 00
d10:	00 00 00 00 00 00 00 00
d18:	00 00 00 00 00 00 00 00
d20:	00 00 00 00 00 00 00 00
d28:	00 00 00 00 00 00 00 00
d30:	00 00 00 00 00 00 00 00
d38:	00 00 00 00 00 00 00 00
d40:	00 00 00 00 00 00 00 00
d48:	00 00 00 00 00 00 00 00
d50:	00 00 00 00 00 00 00 00
d58:	00 00 00 00 00 00 00 00
d60:	00 00 00 00 00 00 00 00
d68:	00 00 00 00 00 00 00 00
d70:	00 00 00 00 00 00 00 00
d78:	00 00 00 00 00 00 00 00
d80:	00 00 00 00 00 00 00 00
d88:	00 00 00 00 00 00 00 00
d90:	00 00 00 00 00 00 00 00
d98:	00 00 00 00 00 00 00 00
da0:	00 00 00 00 00 00 00 00
da8:	00 00 00 00 00 00 00 00
db0:	00 00 00 00 00 00 00 00
db8:	00 00 00 00 00 00 00 00
dc0:	00 00 00 00 00 00 00 00
dc8:	00 00 00 00 00 00 00 00
dd0:	00 00 00 00 00 00 00 00
dd8:	00 00 00 00 00 00 00 00
de0:	00 00 00 00 00 00 00 00
de8:	00 00 00 00 00 00 00 00
df0:	00 00 00 00 00 00 00 00
df8:	00 00 00 00 00 00 00 00
e00:	00 00 00 00 00 00 00 00
e08:	00 00 00 00 00 00 00 00
e10:	00 00 00 00 00 00 00 00
e18:	00 00 00 00 00 00 00 00
e20:	00 00 00 00 00 00 00 00
e28:	00 00 00 00 00 00 00 00
e30:	00 00 00 00 00 00 00 00
e38:	00 00 00 00 00 00 00 00
e40:	00 00 00 00 00 00 00 00
e48:	00 00 00 00 00 00 00 00
e50:	00 00 00 00 00 00 00 00
e58:	00 00 00 00 00 00 00 00
e60:	00 00 00 00 00 00 00 00
e68:	00 00 00 00 00 00 00 00
e70:	00 00 00 00 00 00 00 00
e78:	00 00 00 00 00 00 00 00
e80:	00 00 00 00 00 00 00 00
e88:	00 00 00 00 00 00 00 00
e90:	00 00 00 00 00 00 00 00
e98:	00 00 00 00 00 00 00 00
ea0:	00 00 00 00 00 00 00 00
ea8:	00 00 00 00 00 00 00 00
eb0:	00 00 00 00 00 00 00 00
eb8:	00 00 00 00 00 00 00 00
ec0:	00 00 00 00 00 00 00 00
ec8:	00 00 00 00 00 00 00 00
ed0:	00 00 00 00 00 00 00 00
ed8:	00 00 00 00 00 00 00 00
ee0:	00 00 00 00 00 00 00 00
ee8:	00 00 00 00 00 00 00 00
ef0:	00 00 00 00 00 00 00 00
ef8:	00 00 00 00 00 00 00 00
f00:	00 00 00 00 00 00 00 00
f08:	00 00 00 00 00 00 00 00
f10:	00 00 00 00 00 00 00 00
f18:	00 00 00 00 00 00 00 00
f20:	00 00 00 00 00 00 00 00
f28:	00 00 00 00 00 00 00 00
f30:	00 00 00 00 00 00 00 00
f38:	00 00 00 00 00 00 00 00
f40:	00 00 00 00 00 00 00 00
f48:	00 00 00 00 00 00 00 00
f50:	00 00 00 00 00 00 00 00
f58:	00 00 00 00 00 00 00 00
f60:	00 00 00 00 00 00 00 00
f68:	00 00 00 00 00 00 00 00
f70:	00 00 00 00 00 00 00 00
f78:	00 00 00 00 00 00 00 00
f80:	00 00 00 00 00 00 00 00
f88:	00 00 00 00 00 00 00 00
f90:	00 00 00 00 00 00 00 00
f98:	00 00 00 00 00 00 00 00
fa0:	00 00 00 00 00 00 00 00
fa8:	00 00 00 00 00 00 00 00
fb0:	00 00 00 00 00 00 00 00
fb8:	00 00 00 00 00 00 00 00
fc0:	00 00 00 00 00 00 00 00
fc8:	00 00 00 00 00 00 00 00
fd0:	00 00 00 00 00 00 00 00
fd8:	00 00 00 00 00 00 00 00
fe0:	00 00 00 00 00 00 00 00
fe8:	00 00 00 00 00 00 00 00
ff0:	00 00 00 00 00 00 00 00
ff8:	00 00 00 00 00 00 00 00
Process finished with exit code 0
